2000
0 0
-1 -1
1 -1
2 -4
3 -9
4 -16
5 -25
6 -36
7 -49
8 -64
9 -81
10 -100
11 -121
12 -144
13 -169
14 -196
15 -225
16 -256
17 -289
18 -324
19 -361
20 -400
21 -441
22 -484
23 -529
24 -576
25 -625
26 -676
27 -729
28 -784
29 -841
30 -900
31 -961
32 -1024
33 -1089
34 -1156
35 -1225
36 -1296
37 -1369
38 -1444
39 -1521
40 -1600
41 -1681
42 -1764
43 -1849
44 -1936
45 -2025
46 -2116
47 -2209
48 -2304
49 -2401
50 -2500
51 -2601
52 -2704
53 -2809
54 -2916
55 -3025
56 -3136
57 -3249
58 -3364
59 -3481
60 -3600
61 -3721
62 -3844
63 -3969
64 -4096
65 -4225
66 -4356
67 -4489
68 -4624
69 -4761
70 -4900
71 -5041
72 -5184
73 -5329
74 -5476
75 -5625
76 -5776
77 -5929
78 -6084
79 -6241
80 -6400
81 -6561
82 -6724
83 -6889
84 -7056
85 -7225
86 -7396
87 -7569
88 -7744
89 -7921
90 -8100
91 -8281
92 -8464
93 -8649
94 -8836
95 -9025
96 -9216
97 -9409
98 -9604
99 -9801
100 -10000
101 -10201
102 -10404
103 -10609
104 -10816
105 -11025
106 -11236
107 -11449
108 -11664
109 -11881
110 -12100
111 -12321
112 -12544
113 -12769
114 -12996
115 -13225
116 -13456
117 -13689
118 -13924
119 -14161
120 -14400
121 -14641
122 -14884
123 -15129
124 -15376
125 -15625
126 -15876
127 -16129
128 -16384
129 -16641
130 -16900
131 -17161
132 -17424
133 -17689
134 -17956
135 -18225
136 -18496
137 -18769
138 -19044
139 -19321
140 -19600
141 -19881
142 -20164
143 -20449
144 -20736
145 -21025
146 -21316
147 -21609
148 -21904
149 -22201
150 -22500
151 -22801
152 -23104
153 -23409
154 -23716
155 -24025
156 -24336
157 -24649
158 -24964
159 -25281
160 -25600
161 -25921
162 -26244
163 -26569
164 -26896
165 -27225
166 -27556
167 -27889
168 -28224
169 -28561
170 -28900
171 -29241
172 -29584
173 -29929
174 -30276
175 -30625
176 -30976
177 -31329
178 -31684
179 -32041
180 -32400
181 -32761
182 -33124
183 -33489
184 -33856
185 -34225
186 -34596
187 -34969
188 -35344
189 -35721
190 -36100
191 -36481
192 -36864
193 -37249
194 -37636
195 -38025
196 -38416
197 -38809
198 -39204
199 -39601
200 -40000
201 -40401
202 -40804
203 -41209
204 -41616
205 -42025
206 -42436
207 -42849
208 -43264
209 -43681
210 -44100
211 -44521
212 -44944
213 -45369
214 -45796
215 -46225
216 -46656
217 -47089
218 -47524
219 -47961
220 -48400
221 -48841
222 -49284
223 -49729
224 -50176
225 -50625
226 -51076
227 -51529
228 -51984
229 -52441
230 -52900
231 -53361
232 -53824
233 -54289
234 -54756
235 -55225
236 -55696
237 -56169
238 -56644
239 -57121
240 -57600
241 -58081
242 -58564
243 -59049
244 -59536
245 -60025
246 -60516
247 -61009
248 -61504
249 -62001
250 -62500
251 -63001
252 -63504
253 -64009
254 -64516
255 -65025
256 -65536
257 -66049
258 -66564
259 -67081
260 -67600
261 -68121
262 -68644
263 -69169
264 -69696
265 -70225
266 -70756
267 -71289
268 -71824
269 -72361
270 -72900
271 -73441
272 -73984
273 -74529
274 -75076
275 -75625
276 -76176
277 -76729
278 -77284
279 -77841
280 -78400
281 -78961
282 -79524
283 -80089
284 -80656
285 -81225
286 -81796
287 -82369
288 -82944
289 -83521
290 -84100
291 -84681
292 -85264
293 -85849
294 -86436
295 -87025
296 -87616
297 -88209
298 -88804
299 -89401
300 -90000
301 -90601
302 -91204
303 -91809
304 -92416
305 -93025
306 -93636
307 -94249
308 -94864
309 -95481
310 -96100
311 -96721
312 -97344
313 -97969
314 -98596
315 -99225
316 -99856
317 -100489
318 -101124
319 -101761
320 -102400
321 -103041
322 -103684
323 -104329
324 -104976
325 -105625
326 -106276
327 -106929
328 -107584
329 -108241
330 -108900
331 -109561
332 -110224
333 -110889
334 -111556
335 -112225
336 -112896
337 -113569
338 -114244
339 -114921
340 -115600
341 -116281
342 -116964
343 -117649
344 -118336
345 -119025
346 -119716
347 -120409
348 -121104
349 -121801
350 -122500
351 -123201
352 -123904
353 -124609
354 -125316
355 -126025
356 -126736
357 -127449
358 -128164
359 -128881
360 -129600
361 -130321
362 -131044
363 -131769
364 -132496
365 -133225
366 -133956
367 -134689
368 -135424
369 -136161
370 -136900
371 -137641
372 -138384
373 -139129
374 -139876
375 -140625
376 -141376
377 -142129
378 -142884
379 -143641
380 -144400
381 -145161
382 -145924
383 -146689
384 -147456
385 -148225
386 -148996
387 -149769
388 -150544
389 -151321
390 -152100
391 -152881
392 -153664
393 -154449
394 -155236
395 -156025
396 -156816
397 -157609
398 -158404
399 -159201
400 -160000
401 -160801
402 -161604
403 -162409
404 -163216
405 -164025
406 -164836
407 -165649
408 -166464
409 -167281
410 -168100
411 -168921
412 -169744
413 -170569
414 -171396
415 -172225
416 -173056
417 -173889
418 -174724
419 -175561
420 -176400
421 -177241
422 -178084
423 -178929
424 -179776
425 -180625
426 -181476
427 -182329
428 -183184
429 -184041
430 -184900
431 -185761
432 -186624
433 -187489
434 -188356
435 -189225
436 -190096
437 -190969
438 -191844
439 -192721
440 -193600
441 -194481
442 -195364
443 -196249
444 -197136
445 -198025
446 -198916
447 -199809
448 -200704
449 -201601
450 -202500
451 -203401
452 -204304
453 -205209
454 -206116
455 -207025
456 -207936
457 -208849
458 -209764
459 -210681
460 -211600
461 -212521
462 -213444
463 -214369
464 -215296
465 -216225
466 -217156
467 -218089
468 -219024
469 -219961
470 -220900
471 -221841
472 -222784
473 -223729
474 -224676
475 -225625
476 -226576
477 -227529
478 -228484
479 -229441
480 -230400
481 -231361
482 -232324
483 -233289
484 -234256
485 -235225
486 -236196
487 -237169
488 -238144
489 -239121
490 -240100
491 -241081
492 -242064
493 -243049
494 -244036
495 -245025
496 -246016
497 -247009
498 -248004
499 -249001
500 -250000
501 -251001
502 -252004
503 -253009
504 -254016
505 -255025
506 -256036
507 -257049
508 -258064
509 -259081
510 -260100
511 -261121
512 -262144
513 -263169
514 -264196
515 -265225
516 -266256
517 -267289
518 -268324
519 -269361
520 -270400
521 -271441
522 -272484
523 -273529
524 -274576
525 -275625
526 -276676
527 -277729
528 -278784
529 -279841
530 -280900
531 -281961
532 -283024
533 -284089
534 -285156
535 -286225
536 -287296
537 -288369
538 -289444
539 -290521
540 -291600
541 -292681
542 -293764
543 -294849
544 -295936
545 -297025
546 -298116
547 -299209
548 -300304
549 -301401
550 -302500
551 -303601
552 -304704
553 -305809
554 -306916
555 -308025
556 -309136
557 -310249
558 -311364
559 -312481
560 -313600
561 -314721
562 -315844
563 -316969
564 -318096
565 -319225
566 -320356
567 -321489
568 -322624
569 -323761
570 -324900
571 -326041
572 -327184
573 -328329
574 -329476
575 -330625
576 -331776
577 -332929
578 -334084
579 -335241
580 -336400
581 -337561
582 -338724
583 -339889
584 -341056
585 -342225
586 -343396
587 -344569
588 -345744
589 -346921
590 -348100
591 -349281
592 -350464
593 -351649
594 -352836
595 -354025
596 -355216
597 -356409
598 -357604
599 -358801
600 -360000
601 -361201
602 -362404
603 -363609
604 -364816
605 -366025
606 -367236
607 -368449
608 -369664
609 -370881
610 -372100
611 -373321
612 -374544
613 -375769
614 -376996
615 -378225
616 -379456
617 -380689
618 -381924
619 -383161
620 -384400
621 -385641
622 -386884
623 -388129
624 -389376
625 -390625
626 -391876
627 -393129
628 -394384
629 -395641
630 -396900
631 -398161
632 -399424
633 -400689
634 -401956
635 -403225
636 -404496
637 -405769
638 -407044
639 -408321
640 -409600
641 -410881
642 -412164
643 -413449
644 -414736
645 -416025
646 -417316
647 -418609
648 -419904
649 -421201
650 -422500
651 -423801
652 -425104
653 -426409
654 -427716
655 -429025
656 -430336
657 -431649
658 -432964
659 -434281
660 -435600
661 -436921
662 -438244
663 -439569
664 -440896
665 -442225
666 -443556
667 -444889
668 -446224
669 -447561
670 -448900
671 -450241
672 -451584
673 -452929
674 -454276
675 -455625
676 -456976
677 -458329
678 -459684
679 -461041
680 -462400
681 -463761
682 -465124
683 -466489
684 -467856
685 -469225
686 -470596
687 -471969
688 -473344
689 -474721
690 -476100
691 -477481
692 -478864
693 -480249
694 -481636
695 -483025
696 -484416
697 -485809
698 -487204
699 -488601
700 -490000
701 -491401
702 -492804
703 -494209
704 -495616
705 -497025
706 -498436
707 -499849
708 -501264
709 -502681
710 -504100
711 -505521
712 -506944
713 -508369
714 -509796
715 -511225
716 -512656
717 -514089
718 -515524
719 -516961
720 -518400
721 -519841
722 -521284
723 -522729
724 -524176
725 -525625
726 -527076
727 -528529
728 -529984
729 -531441
730 -532900
731 -534361
732 -535824
733 -537289
734 -538756
735 -540225
736 -541696
737 -543169
738 -544644
739 -546121
740 -547600
741 -549081
742 -550564
743 -552049
744 -553536
745 -555025
746 -556516
747 -558009
748 -559504
749 -561001
750 -562500
751 -564001
752 -565504
753 -567009
754 -568516
755 -570025
756 -571536
757 -573049
758 -574564
759 -576081
760 -577600
761 -579121
762 -580644
763 -582169
764 -583696
765 -585225
766 -586756
767 -588289
768 -589824
769 -591361
770 -592900
771 -594441
772 -595984
773 -597529
774 -599076
775 -600625
776 -602176
777 -603729
778 -605284
779 -606841
780 -608400
781 -609961
782 -611524
783 -613089
784 -614656
785 -616225
786 -617796
787 -619369
788 -620944
789 -622521
790 -624100
791 -625681
792 -627264
793 -628849
794 -630436
795 -632025
796 -633616
797 -635209
798 -636804
799 -638401
800 -640000
801 -641601
802 -643204
803 -644809
804 -646416
805 -648025
806 -649636
807 -651249
808 -652864
809 -654481
810 -656100
811 -657721
812 -659344
813 -660969
814 -662596
815 -664225
816 -665856
817 -667489
818 -669124
819 -670761
820 -672400
821 -674041
822 -675684
823 -677329
824 -678976
825 -680625
826 -682276
827 -683929
828 -685584
829 -687241
830 -688900
831 -690561
832 -692224
833 -693889
834 -695556
835 -697225
836 -698896
837 -700569
838 -702244
839 -703921
840 -705600
841 -707281
842 -708964
843 -710649
844 -712336
845 -714025
846 -715716
847 -717409
848 -719104
849 -720801
850 -722500
851 -724201
852 -725904
853 -727609
854 -729316
855 -731025
856 -732736
857 -734449
858 -736164
859 -737881
860 -739600
861 -741321
862 -743044
863 -744769
864 -746496
865 -748225
866 -749956
867 -751689
868 -753424
869 -755161
870 -756900
871 -758641
872 -760384
873 -762129
874 -763876
875 -765625
876 -767376
877 -769129
878 -770884
879 -772641
880 -774400
881 -776161
882 -777924
883 -779689
884 -781456
885 -783225
886 -784996
887 -786769
888 -788544
889 -790321
890 -792100
891 -793881
892 -795664
893 -797449
894 -799236
895 -801025
896 -802816
897 -804609
898 -806404
899 -808201
900 -810000
901 -811801
902 -813604
903 -815409
904 -817216
905 -819025
906 -820836
907 -822649
908 -824464
909 -826281
910 -828100
911 -829921
912 -831744
913 -833569
914 -835396
915 -837225
916 -839056
917 -840889
918 -842724
919 -844561
920 -846400
921 -848241
922 -850084
923 -851929
924 -853776
925 -855625
926 -857476
927 -859329
928 -861184
929 -863041
930 -864900
931 -866761
932 -868624
933 -870489
934 -872356
935 -874225
936 -876096
937 -877969
938 -879844
939 -881721
940 -883600
941 -885481
942 -887364
943 -889249
944 -891136
945 -893025
946 -894916
947 -896809
948 -898704
949 -900601
950 -902500
951 -904401
952 -906304
953 -908209
954 -910116
955 -912025
956 -913936
957 -915849
958 -917764
959 -919681
960 -921600
961 -923521
962 -925444
963 -927369
964 -929296
965 -931225
966 -933156
967 -935089
968 -937024
969 -938961
970 -940900
971 -942841
972 -944784
973 -946729
974 -948676
975 -950625
976 -952576
977 -954529
978 -956484
979 -958441
980 -960400
981 -962361
982 -964324
983 -966289
984 -968256
985 -970225
986 -972196
987 -974169
988 -976144
989 -978121
990 -980100
991 -982081
992 -984064
993 -986049
994 -988036
995 -990025
996 -992016
997 -994009
998 -996004
999 -998001
1000 -1000000
1001 -1002001
1002 -1004004
1003 -1006009
1004 -1008016
1005 -1010025
1006 -1012036
1007 -1014049
1008 -1016064
1009 -1018081
1010 -1020100
1011 -1022121
1012 -1024144
1013 -1026169
1014 -1028196
1015 -1030225
1016 -1032256
1017 -1034289
1018 -1036324
1019 -1038361
1020 -1040400
1021 -1042441
1022 -1044484
1023 -1046529
1024 -1048576
1025 -1050625
1026 -1052676
1027 -1054729
1028 -1056784
1029 -1058841
1030 -1060900
1031 -1062961
1032 -1065024
1033 -1067089
1034 -1069156
1035 -1071225
1036 -1073296
1037 -1075369
1038 -1077444
1039 -1079521
1040 -1081600
1041 -1083681
1042 -1085764
1043 -1087849
1044 -1089936
1045 -1092025
1046 -1094116
1047 -1096209
1048 -1098304
1049 -1100401
1050 -1102500
1051 -1104601
1052 -1106704
1053 -1108809
1054 -1110916
1055 -1113025
1056 -1115136
1057 -1117249
1058 -1119364
1059 -1121481
1060 -1123600
1061 -1125721
1062 -1127844
1063 -1129969
1064 -1132096
1065 -1134225
1066 -1136356
1067 -1138489
1068 -1140624
1069 -1142761
1070 -1144900
1071 -1147041
1072 -1149184
1073 -1151329
1074 -1153476
1075 -1155625
1076 -1157776
1077 -1159929
1078 -1162084
1079 -1164241
1080 -1166400
1081 -1168561
1082 -1170724
1083 -1172889
1084 -1175056
1085 -1177225
1086 -1179396
1087 -1181569
1088 -1183744
1089 -1185921
1090 -1188100
1091 -1190281
1092 -1192464
1093 -1194649
1094 -1196836
1095 -1199025
1096 -1201216
1097 -1203409
1098 -1205604
1099 -1207801
1100 -1210000
1101 -1212201
1102 -1214404
1103 -1216609
1104 -1218816
1105 -1221025
1106 -1223236
1107 -1225449
1108 -1227664
1109 -1229881
1110 -1232100
1111 -1234321
1112 -1236544
1113 -1238769
1114 -1240996
1115 -1243225
1116 -1245456
1117 -1247689
1118 -1249924
1119 -1252161
1120 -1254400
1121 -1256641
1122 -1258884
1123 -1261129
1124 -1263376
1125 -1265625
1126 -1267876
1127 -1270129
1128 -1272384
1129 -1274641
1130 -1276900
1131 -1279161
1132 -1281424
1133 -1283689
1134 -1285956
1135 -1288225
1136 -1290496
1137 -1292769
1138 -1295044
1139 -1297321
1140 -1299600
1141 -1301881
1142 -1304164
1143 -1306449
1144 -1308736
1145 -1311025
1146 -1313316
1147 -1315609
1148 -1317904
1149 -1320201
1150 -1322500
1151 -1324801
1152 -1327104
1153 -1329409
1154 -1331716
1155 -1334025
1156 -1336336
1157 -1338649
1158 -1340964
1159 -1343281
1160 -1345600
1161 -1347921
1162 -1350244
1163 -1352569
1164 -1354896
1165 -1357225
1166 -1359556
1167 -1361889
1168 -1364224
1169 -1366561
1170 -1368900
1171 -1371241
1172 -1373584
1173 -1375929
1174 -1378276
1175 -1380625
1176 -1382976
1177 -1385329
1178 -1387684
1179 -1390041
1180 -1392400
1181 -1394761
1182 -1397124
1183 -1399489
1184 -1401856
1185 -1404225
1186 -1406596
1187 -1408969
1188 -1411344
1189 -1413721
1190 -1416100
1191 -1418481
1192 -1420864
1193 -1423249
1194 -1425636
1195 -1428025
1196 -1430416
1197 -1432809
1198 -1435204
1199 -1437601
1200 -1440000
1201 -1442401
1202 -1444804
1203 -1447209
1204 -1449616
1205 -1452025
1206 -1454436
1207 -1456849
1208 -1459264
1209 -1461681
1210 -1464100
1211 -1466521
1212 -1468944
1213 -1471369
1214 -1473796
1215 -1476225
1216 -1478656
1217 -1481089
1218 -1483524
1219 -1485961
1220 -1488400
1221 -1490841
1222 -1493284
1223 -1495729
1224 -1498176
1225 -1500625
1226 -1503076
1227 -1505529
1228 -1507984
1229 -1510441
1230 -1512900
1231 -1515361
1232 -1517824
1233 -1520289
1234 -1522756
1235 -1525225
1236 -1527696
1237 -1530169
1238 -1532644
1239 -1535121
1240 -1537600
1241 -1540081
1242 -1542564
1243 -1545049
1244 -1547536
1245 -1550025
1246 -1552516
1247 -1555009
1248 -1557504
1249 -1560001
1250 -1562500
1251 -1565001
1252 -1567504
1253 -1570009
1254 -1572516
1255 -1575025
1256 -1577536
1257 -1580049
1258 -1582564
1259 -1585081
1260 -1587600
1261 -1590121
1262 -1592644
1263 -1595169
1264 -1597696
1265 -1600225
1266 -1602756
1267 -1605289
1268 -1607824
1269 -1610361
1270 -1612900
1271 -1615441
1272 -1617984
1273 -1620529
1274 -1623076
1275 -1625625
1276 -1628176
1277 -1630729
1278 -1633284
1279 -1635841
1280 -1638400
1281 -1640961
1282 -1643524
1283 -1646089
1284 -1648656
1285 -1651225
1286 -1653796
1287 -1656369
1288 -1658944
1289 -1661521
1290 -1664100
1291 -1666681
1292 -1669264
1293 -1671849
1294 -1674436
1295 -1677025
1296 -1679616
1297 -1682209
1298 -1684804
1299 -1687401
1300 -1690000
1301 -1692601
1302 -1695204
1303 -1697809
1304 -1700416
1305 -1703025
1306 -1705636
1307 -1708249
1308 -1710864
1309 -1713481
1310 -1716100
1311 -1718721
1312 -1721344
1313 -1723969
1314 -1726596
1315 -1729225
1316 -1731856
1317 -1734489
1318 -1737124
1319 -1739761
1320 -1742400
1321 -1745041
1322 -1747684
1323 -1750329
1324 -1752976
1325 -1755625
1326 -1758276
1327 -1760929
1328 -1763584
1329 -1766241
1330 -1768900
1331 -1771561
1332 -1774224
1333 -1776889
1334 -1779556
1335 -1782225
1336 -1784896
1337 -1787569
1338 -1790244
1339 -1792921
1340 -1795600
1341 -1798281
1342 -1800964
1343 -1803649
1344 -1806336
1345 -1809025
1346 -1811716
1347 -1814409
1348 -1817104
1349 -1819801
1350 -1822500
1351 -1825201
1352 -1827904
1353 -1830609
1354 -1833316
1355 -1836025
1356 -1838736
1357 -1841449
1358 -1844164
1359 -1846881
1360 -1849600
1361 -1852321
1362 -1855044
1363 -1857769
1364 -1860496
1365 -1863225
1366 -1865956
1367 -1868689
1368 -1871424
1369 -1874161
1370 -1876900
1371 -1879641
1372 -1882384
1373 -1885129
1374 -1887876
1375 -1890625
1376 -1893376
1377 -1896129
1378 -1898884
1379 -1901641
1380 -1904400
1381 -1907161
1382 -1909924
1383 -1912689
1384 -1915456
1385 -1918225
1386 -1920996
1387 -1923769
1388 -1926544
1389 -1929321
1390 -1932100
1391 -1934881
1392 -1937664
1393 -1940449
1394 -1943236
1395 -1946025
1396 -1948816
1397 -1951609
1398 -1954404
1399 -1957201
1400 -1960000
1401 -1962801
1402 -1965604
1403 -1968409
1404 -1971216
1405 -1974025
1406 -1976836
1407 -1979649
1408 -1982464
1409 -1985281
1410 -1988100
1411 -1990921
1412 -1993744
1413 -1996569
1414 -1999396
1415 -2002225
1416 -2005056
1417 -2007889
1418 -2010724
1419 -2013561
1420 -2016400
1421 -2019241
1422 -2022084
1423 -2024929
1424 -2027776
1425 -2030625
1426 -2033476
1427 -2036329
1428 -2039184
1429 -2042041
1430 -2044900
1431 -2047761
1432 -2050624
1433 -2053489
1434 -2056356
1435 -2059225
1436 -2062096
1437 -2064969
1438 -2067844
1439 -2070721
1440 -2073600
1441 -2076481
1442 -2079364
1443 -2082249
1444 -2085136
1445 -2088025
1446 -2090916
1447 -2093809
1448 -2096704
1449 -2099601
1450 -2102500
1451 -2105401
1452 -2108304
1453 -2111209
1454 -2114116
1455 -2117025
1456 -2119936
1457 -2122849
1458 -2125764
1459 -2128681
1460 -2131600
1461 -2134521
1462 -2137444
1463 -2140369
1464 -2143296
1465 -2146225
1466 -2149156
1467 -2152089
1468 -2155024
1469 -2157961
1470 -2160900
1471 -2163841
1472 -2166784
1473 -2169729
1474 -2172676
1475 -2175625
1476 -2178576
1477 -2181529
1478 -2184484
1479 -2187441
1480 -2190400
1481 -2193361
1482 -2196324
1483 -2199289
1484 -2202256
1485 -2205225
1486 -2208196
1487 -2211169
1488 -2214144
1489 -2217121
1490 -2220100
1491 -2223081
1492 -2226064
1493 -2229049
1494 -2232036
1495 -2235025
1496 -2238016
1497 -2241009
1498 -2244004
1499 -2247001
1500 -2250000
1501 -2253001
1502 -2256004
1503 -2259009
1504 -2262016
1505 -2265025
1506 -2268036
1507 -2271049
1508 -2274064
1509 -2277081
1510 -2280100
1511 -2283121
1512 -2286144
1513 -2289169
1514 -2292196
1515 -2295225
1516 -2298256
1517 -2301289
1518 -2304324
1519 -2307361
1520 -2310400
1521 -2313441
1522 -2316484
1523 -2319529
1524 -2322576
1525 -2325625
1526 -2328676
1527 -2331729
1528 -2334784
1529 -2337841
1530 -2340900
1531 -2343961
1532 -2347024
1533 -2350089
1534 -2353156
1535 -2356225
1536 -2359296
1537 -2362369
1538 -2365444
1539 -2368521
1540 -2371600
1541 -2374681
1542 -2377764
1543 -2380849
1544 -2383936
1545 -2387025
1546 -2390116
1547 -2393209
1548 -2396304
1549 -2399401
1550 -2402500
1551 -2405601
1552 -2408704
1553 -2411809
1554 -2414916
1555 -2418025
1556 -2421136
1557 -2424249
1558 -2427364
1559 -2430481
1560 -2433600
1561 -2436721
1562 -2439844
1563 -2442969
1564 -2446096
1565 -2449225
1566 -2452356
1567 -2455489
1568 -2458624
1569 -2461761
1570 -2464900
1571 -2468041
1572 -2471184
1573 -2474329
1574 -2477476
1575 -2480625
1576 -2483776
1577 -2486929
1578 -2490084
1579 -2493241
1580 -2496400
1581 -2499561
1582 -2502724
1583 -2505889
1584 -2509056
1585 -2512225
1586 -2515396
1587 -2518569
1588 -2521744
1589 -2524921
1590 -2528100
1591 -2531281
1592 -2534464
1593 -2537649
1594 -2540836
1595 -2544025
1596 -2547216
1597 -2550409
1598 -2553604
1599 -2556801
1600 -2560000
1601 -2563201
1602 -2566404
1603 -2569609
1604 -2572816
1605 -2576025
1606 -2579236
1607 -2582449
1608 -2585664
1609 -2588881
1610 -2592100
1611 -2595321
1612 -2598544
1613 -2601769
1614 -2604996
1615 -2608225
1616 -2611456
1617 -2614689
1618 -2617924
1619 -2621161
1620 -2624400
1621 -2627641
1622 -2630884
1623 -2634129
1624 -2637376
1625 -2640625
1626 -2643876
1627 -2647129
1628 -2650384
1629 -2653641
1630 -2656900
1631 -2660161
1632 -2663424
1633 -2666689
1634 -2669956
1635 -2673225
1636 -2676496
1637 -2679769
1638 -2683044
1639 -2686321
1640 -2689600
1641 -2692881
1642 -2696164
1643 -2699449
1644 -2702736
1645 -2706025
1646 -2709316
1647 -2712609
1648 -2715904
1649 -2719201
1650 -2722500
1651 -2725801
1652 -2729104
1653 -2732409
1654 -2735716
1655 -2739025
1656 -2742336
1657 -2745649
1658 -2748964
1659 -2752281
1660 -2755600
1661 -2758921
1662 -2762244
1663 -2765569
1664 -2768896
1665 -2772225
1666 -2775556
1667 -2778889
1668 -2782224
1669 -2785561
1670 -2788900
1671 -2792241
1672 -2795584
1673 -2798929
1674 -2802276
1675 -2805625
1676 -2808976
1677 -2812329
1678 -2815684
1679 -2819041
1680 -2822400
1681 -2825761
1682 -2829124
1683 -2832489
1684 -2835856
1685 -2839225
1686 -2842596
1687 -2845969
1688 -2849344
1689 -2852721
1690 -2856100
1691 -2859481
1692 -2862864
1693 -2866249
1694 -2869636
1695 -2873025
1696 -2876416
1697 -2879809
1698 -2883204
1699 -2886601
1700 -2890000
1701 -2893401
1702 -2896804
1703 -2900209
1704 -2903616
1705 -2907025
1706 -2910436
1707 -2913849
1708 -2917264
1709 -2920681
1710 -2924100
1711 -2927521
1712 -2930944
1713 -2934369
1714 -2937796
1715 -2941225
1716 -2944656
1717 -2948089
1718 -2951524
1719 -2954961
1720 -2958400
1721 -2961841
1722 -2965284
1723 -2968729
1724 -2972176
1725 -2975625
1726 -2979076
1727 -2982529
1728 -2985984
1729 -2989441
1730 -2992900
1731 -2996361
1732 -2999824
1733 -3003289
1734 -3006756
1735 -3010225
1736 -3013696
1737 -3017169
1738 -3020644
1739 -3024121
1740 -3027600
1741 -3031081
1742 -3034564
1743 -3038049
1744 -3041536
1745 -3045025
1746 -3048516
1747 -3052009
1748 -3055504
1749 -3059001
1750 -3062500
1751 -3066001
1752 -3069504
1753 -3073009
1754 -3076516
1755 -3080025
1756 -3083536
1757 -3087049
1758 -3090564
1759 -3094081
1760 -3097600
1761 -3101121
1762 -3104644
1763 -3108169
1764 -3111696
1765 -3115225
1766 -3118756
1767 -3122289
1768 -3125824
1769 -3129361
1770 -3132900
1771 -3136441
1772 -3139984
1773 -3143529
1774 -3147076
1775 -3150625
1776 -3154176
1777 -3157729
1778 -3161284
1779 -3164841
1780 -3168400
1781 -3171961
1782 -3175524
1783 -3179089
1784 -3182656
1785 -3186225
1786 -3189796
1787 -3193369
1788 -3196944
1789 -3200521
1790 -3204100
1791 -3207681
1792 -3211264
1793 -3214849
1794 -3218436
1795 -3222025
1796 -3225616
1797 -3229209
1798 -3232804
1799 -3236401
1800 -3240000
1801 -3243601
1802 -3247204
1803 -3250809
1804 -3254416
1805 -3258025
1806 -3261636
1807 -3265249
1808 -3268864
1809 -3272481
1810 -3276100
1811 -3279721
1812 -3283344
1813 -3286969
1814 -3290596
1815 -3294225
1816 -3297856
1817 -3301489
1818 -3305124
1819 -3308761
1820 -3312400
1821 -3316041
1822 -3319684
1823 -3323329
1824 -3326976
1825 -3330625
1826 -3334276
1827 -3337929
1828 -3341584
1829 -3345241
1830 -3348900
1831 -3352561
1832 -3356224
1833 -3359889
1834 -3363556
1835 -3367225
1836 -3370896
1837 -3374569
1838 -3378244
1839 -3381921
1840 -3385600
1841 -3389281
1842 -3392964
1843 -3396649
1844 -3400336
1845 -3404025
1846 -3407716
1847 -3411409
1848 -3415104
1849 -3418801
1850 -3422500
1851 -3426201
1852 -3429904
1853 -3433609
1854 -3437316
1855 -3441025
1856 -3444736
1857 -3448449
1858 -3452164
1859 -3455881
1860 -3459600
1861 -3463321
1862 -3467044
1863 -3470769
1864 -3474496
1865 -3478225
1866 -3481956
1867 -3485689
1868 -3489424
1869 -3493161
1870 -3496900
1871 -3500641
1872 -3504384
1873 -3508129
1874 -3511876
1875 -3515625
1876 -3519376
1877 -3523129
1878 -3526884
1879 -3530641
1880 -3534400
1881 -3538161
1882 -3541924
1883 -3545689
1884 -3549456
1885 -3553225
1886 -3556996
1887 -3560769
1888 -3564544
1889 -3568321
1890 -3572100
1891 -3575881
1892 -3579664
1893 -3583449
1894 -3587236
1895 -3591025
1896 -3594816
1897 -3598609
1898 -3602404
1899 -3606201
1900 -3610000
1901 -3613801
1902 -3617604
1903 -3621409
1904 -3625216
1905 -3629025
1906 -3632836
1907 -3636649
1908 -3640464
1909 -3644281
1910 -3648100
1911 -3651921
1912 -3655744
1913 -3659569
1914 -3663396
1915 -3667225
1916 -3671056
1917 -3674889
1918 -3678724
1919 -3682561
1920 -3686400
1921 -3690241
1922 -3694084
1923 -3697929
1924 -3701776
1925 -3705625
1926 -3709476
1927 -3713329
1928 -3717184
1929 -3721041
1930 -3724900
1931 -3728761
1932 -3732624
1933 -3736489
1934 -3740356
1935 -3744225
1936 -3748096
1937 -3751969
1938 -3755844
1939 -3759721
1940 -3763600
1941 -3767481
1942 -3771364
1943 -3775249
1944 -3779136
1945 -3783025
1946 -3786916
1947 -3790809
1948 -3794704
1949 -3798601
1950 -3802500
1951 -3806401
1952 -3810304
1953 -3814209
1954 -3818116
1955 -3822025
1956 -3825936
1957 -3829849
1958 -3833764
1959 -3837681
1960 -3841600
1961 -3845521
1962 -3849444
1963 -3853369
1964 -3857296
1965 -3861225
1966 -3865156
1967 -3869089
1968 -3873024
1969 -3876961
1970 -3880900
1971 -3884841
1972 -3888784
1973 -3892729
1974 -3896676
1975 -3900625
1976 -3904576
1977 -3908529
1978 -3912484
1979 -3916441
1980 -3920400
1981 -3924361
1982 -3928324
1983 -3932289
1984 -3936256
1985 -3940225
1986 -3944196
1987 -3948169
1988 -3952144
1989 -3956121
1990 -3960100
1991 -3964081
1992 -3968064
1993 -3972049
1994 -3976036
1995 -3980025
1996 -3984016
1997 -3988009
1998 -3992004
2 1 3 4 5 6 7 8 9 10 11 12 13 14 15 16 17 18 19 20 21 22 23 24 25 26 27 28 29 30 31 32 33 34 35 36 37 38 39 40 41 42 43 44 45 46 47 48 49 50 51 52 53 54 55 56 57 58 59 60 61 62 63 64 65 66 67 68 69 70 71 72 73 74 75 76 77 78 79 80 81 82 83 84 85 86 87 88 89 90 91 92 93 94 95 96 97 98 99 100 101 102 103 104 105 106 107 108 109 110 111 112 113 114 115 116 117 118 119 120 121 122 123 124 125 126 127 128 129 130 131 132 133 134 135 136 137 138 139 140 141 142 143 144 145 146 147 148 149 150 151 152 153 154 155 156 157 158 159 160 161 162 163 164 165 166 167 168 169 170 171 172 173 174 175 176 177 178 179 180 181 182 183 184 185 186 187 188 189 190 191 192 193 194 195 196 197 198 199 200 201 202 203 204 205 206 207 208 209 210 211 212 213 214 215 216 217 218 219 220 221 222 223 224 225 226 227 228 229 230 231 232 233 234 235 236 237 238 239 240 241 242 243 244 245 246 247 248 249 250 251 252 253 254 255 256 257 258 259 260 261 262 263 264 265 266 267 268 269 270 271 272 273 274 275 276 277 278 279 280 281 282 283 284 285 286 287 288 289 290 291 292 293 294 295 296 297 298 299 300 301 302 303 304 305 306 307 308 309 310 311 312 313 314 315 316 317 318 319 320 321 322 323 324 325 326 327 328 329 330 331 332 333 334 335 336 337 338 339 340 341 342 343 344 345 346 347 348 349 350 351 352 353 354 355 356 357 358 359 360 361 362 363 364 365 366 367 368 369 370 371 372 373 374 375 376 377 378 379 380 381 382 383 384 385 386 387 388 389 390 391 392 393 394 395 396 397 398 399 400 401 402 403 404 405 406 407 408 409 410 411 412 413 414 415 416 417 418 419 420 421 422 423 424 425 426 427 428 429 430 431 432 433 434 435 436 437 438 439 440 441 442 443 444 445 446 447 448 449 450 451 452 453 454 455 456 457 458 459 460 461 462 463 464 465 466 467 468 469 470 471 472 473 474 475 476 477 478 479 480 481 482 483 484 485 486 487 488 489 490 491 492 493 494 495 496 497 498 499 500 501 502 503 504 505 506 507 508 509 510 511 512 513 514 515 516 517 518 519 520 521 522 523 524 525 526 527 528 529 530 531 532 533 534 535 536 537 538 539 540 541 542 543 544 545 546 547 548 549 550 551 552 553 554 555 556 557 558 559 560 561 562 563 564 565 566 567 568 569 570 571 572 573 574 575 576 577 578 579 580 581 582 583 584 585 586 587 588 589 590 591 592 593 594 595 596 597 598 599 600 601 602 603 604 605 606 607 608 609 610 611 612 613 614 615 616 617 618 619 620 621 622 623 624 625 626 627 628 629 630 631 632 633 634 635 636 637 638 639 640 641 642 643 644 645 646 647 648 649 650 651 652 653 654 655 656 657 658 659 660 661 662 663 664 665 666 667 668 669 670 671 672 673 674 675 676 677 678 679 680 681 682 683 684 685 686 687 688 689 690 691 692 693 694 695 696 697 698 699 700 701 702 703 704 705 706 707 708 709 710 711 712 713 714 715 716 717 718 719 720 721 722 723 724 725 726 727 728 729 730 731 732 733 734 735 736 737 738 739 740 741 742 743 744 745 746 747 748 749 750 751 752 753 754 755 756 757 758 759 760 761 762 763 764 765 766 767 768 769 770 771 772 773 774 775 776 777 778 779 780 781 782 783 784 785 786 787 788 789 790 791 792 793 794 795 796 797 798 799 800 801 802 803 804 805 806 807 808 809 810 811 812 813 814 815 816 817 818 819 820 821 822 823 824 825 826 827 828 829 830 831 832 833 834 835 836 837 838 839 840 841 842 843 844 845 846 847 848 849 850 851 852 853 854 855 856 857 858 859 860 861 862 863 864 865 866 867 868 869 870 871 872 873 874 875 876 877 878 879 880 881 882 883 884 885 886 887 888 889 890 891 892 893 894 895 896 897 898 899 900 901 902 903 904 905 906 907 908 909 910 911 912 913 914 915 916 917 918 919 920 921 922 923 924 925 926 927 928 929 930 931 932 933 934 935 936 937 938 939 940 941 942 943 944 945 946 947 948 949 950 951 952 953 954 955 956 957 958 959 960 961 962 963 964 965 966 967 968 969 970 971 972 973 974 975 976 977 978 979 980 981 982 983 984 985 986 987 988 989 990 991 992 993 994 995 996 997 998 999 1000 1001 1002 1003 1004 1005 1006 1007 1008 1009 1010 1011 1012 1013 1014 1015 1016 1017 1018 1019 1020 1021 1022 1023 1024 1025 1026 1027 1028 1029 1030 1031 1032 1033 1034 1035 1036 1037 1038 1039 1040 1041 1042 1043 1044 1045 1046 1047 1048 1049 1050 1051 1052 1053 1054 1055 1056 1057 1058 1059 1060 1061 1062 1063 1064 1065 1066 1067 1068 1069 1070 1071 1072 1073 1074 1075 1076 1077 1078 1079 1080 1081 1082 1083 1084 1085 1086 1087 1088 1089 1090 1091 1092 1093 1094 1095 1096 1097 1098 1099 1100 1101 1102 1103 1104 1105 1106 1107 1108 1109 1110 1111 1112 1113 1114 1115 1116 1117 1118 1119 1120 1121 1122 1123 1124 1125 1126 1127 1128 1129 1130 1131 1132 1133 1134 1135 1136 1137 1138 1139 1140 1141 1142 1143 1144 1145 1146 1147 1148 1149 1150 1151 1152 1153 1154 1155 1156 1157 1158 1159 1160 1161 1162 1163 1164 1165 1166 1167 1168 1169 1170 1171 1172 1173 1174 1175 1176 1177 1178 1179 1180 1181 1182 1183 1184 1185 1186 1187 1188 1189 1190 1191 1192 1193 1194 1195 1196 1197 1198 1199 1200 1201 1202 1203 1204 1205 1206 1207 1208 1209 1210 1211 1212 1213 1214 1215 1216 1217 1218 1219 1220 1221 1222 1223 1224 1225 1226 1227 1228 1229 1230 1231 1232 1233 1234 1235 1236 1237 1238 1239 1240 1241 1242 1243 1244 1245 1246 1247 1248 1249 1250 1251 1252 1253 1254 1255 1256 1257 1258 1259 1260 1261 1262 1263 1264 1265 1266 1267 1268 1269 1270 1271 1272 1273 1274 1275 1276 1277 1278 1279 1280 1281 1282 1283 1284 1285 1286 1287 1288 1289 1290 1291 1292 1293 1294 1295 1296 1297 1298 1299 1300 1301 1302 1303 1304 1305 1306 1307 1308 1309 1310 1311 1312 1313 1314 1315 1316 1317 1318 1319 1320 1321 1322 1323 1324 1325 1326 1327 1328 1329 1330 1331 1332 1333 1334 1335 1336 1337 1338 1339 1340 1341 1342 1343 1344 1345 1346 1347 1348 1349 1350 1351 1352 1353 1354 1355 1356 1357 1358 1359 1360 1361 1362 1363 1364 1365 1366 1367 1368 1369 1370 1371 1372 1373 1374 1375 1376 1377 1378 1379 1380 1381 1382 1383 1384 1385 1386 1387 1388 1389 1390 1391 1392 1393 1394 1395 1396 1397 1398 1399 1400 1401 1402 1403 1404 1405 1406 1407 1408 1409 1410 1411 1412 1413 1414 1415 1416 1417 1418 1419 1420 1421 1422 1423 1424 1425 1426 1427 1428 1429 1430 1431 1432 1433 1434 1435 1436 1437 1438 1439 1440 1441 1442 1443 1444 1445 1446 1447 1448 1449 1450 1451 1452 1453 1454 1455 1456 1457 1458 1459 1460 1461 1462 1463 1464 1465 1466 1467 1468 1469 1470 1471 1472 1473 1474 1475 1476 1477 1478 1479 1480 1481 1482 1483 1484 1485 1486 1487 1488 1489 1490 1491 1492 1493 1494 1495 1496 1497 1498 1499 1500 1501 1502 1503 1504 1505 1506 1507 1508 1509 1510 1511 1512 1513 1514 1515 1516 1517 1518 1519 1520 1521 1522 1523 1524 1525 1526 1527 1528 1529 1530 1531 1532 1533 1534 1535 1536 1537 1538 1539 1540 1541 1542 1543 1544 1545 1546 1547 1548 1549 1550 1551 1552 1553 1554 1555 1556 1557 1558 1559 1560 1561 1562 1563 1564 1565 1566 1567 1568 1569 1570 1571 1572 1573 1574 1575 1576 1577 1578 1579 1580 1581 1582 1583 1584 1585 1586 1587 1588 1589 1590 1591 1592 1593 1594 1595 1596 1597 1598 1599 1600 1601 1602 1603 1604 1605 1606 1607 1608 1609 1610 1611 1612 1613 1614 1615 1616 1617 1618 1619 1620 1621 1622 1623 1624 1625 1626 1627 1628 1629 1630 1631 1632 1633 1634 1635 1636 1637 1638 1639 1640 1641 1642 1643 1644 1645 1646 1647 1648 1649 1650 1651 1652 1653 1654 1655 1656 1657 1658 1659 1660 1661 1662 1663 1664 1665 1666 1667 1668 1669 1670 1671 1672 1673 1674 1675 1676 1677 1678 1679 1680 1681 1682 1683 1684 1685 1686 1687 1688 1689 1690 1691 1692 1693 1694 1695 1696 1697 1698 1699 1700 1701 1702 1703 1704 1705 1706 1707 1708 1709 1710 1711 1712 1713 1714 1715 1716 1717 1718 1719 1720 1721 1722 1723 1724 1725 1726 1727 1728 1729 1730 1731 1732 1733 1734 1735 1736 1737 1738 1739 1740 1741 1742 1743 1744 1745 1746 1747 1748 1749 1750 1751 1752 1753 1754 1755 1756 1757 1758 1759 1760 1761 1762 1763 1764 1765 1766 1767 1768 1769 1770 1771 1772 1773 1774 1775 1776 1777 1778 1779 1780 1781 1782 1783 1784 1785 1786 1787 1788 1789 1790 1791 1792 1793 1794 1795 1796 1797 1798 1799 1800 1801 1802 1803 1804 1805 1806 1807 1808 1809 1810 1811 1812 1813 1814 1815 1816 1817 1818 1819 1820 1821 1822 1823 1824 1825 1826 1827 1828 1829 1830 1831 1832 1833 1834 1835 1836 1837 1838 1839 1840 1841 1842 1843 1844 1845 1846 1847 1848 1849 1850 1851 1852 1853 1854 1855 1856 1857 1858 1859 1860 1861 1862 1863 1864 1865 1866 1867 1868 1869 1870 1871 1872 1873 1874 1875 1876 1877 1878 1879 1880 1881 1882 1883 1884 1885 1886 1887 1888 1889 1890 1891 1892 1893 1894 1895 1896 1897 1898 1899 1900 1901 1902 1903 1904 1905 1906 1907 1908 1909 1910 1911 1912 1913 1914 1915 1916 1917 1918 1919 1920 1921 1922 1923 1924 1925 1926 1927 1928 1929 1930 1931 1932 1933 1934 1935 1936 1937 1938 1939 1940 1941 1942 1943 1944 1945 1946 1947 1948 1949 1950 1951 1952 1953 1954 1955 1956 1957 1958 1959 1960 1961 1962 1963 1964 1965 1966 1967 1968 1969 1970 1971 1972 1973 1974 1975 1976 1977 1978 1979 1980 1981 1982 1983 1984 1985 1986 1987 1988 1989 1990 1991 1992 1993 1994 1995 1996 1997 1998 1999 2000
